//===== SafaRO Script ========================================
//= Kartenweiser - DATEN (erzeugt von tools/kartenweiser)
//= Nicht von Hand pflegen. Gelesen von safa_kartenweiser.txt.
//= Je Index i: Karte $@KW_BASIS[i] (3 Stueck) wird zu
//= $@KW_ZIEL[i] fuer $@KW_GEBUEHR[i] Zeny; $@KW_STUFE[i] ist
//= die entstehende Stufe (2/3), $@KW_MVP[i] das MVP-Merkmal.
//============================================================
-	script	kartenweiser_daten	-1,{
OnInit:
	setarray $@KW_BASIS[0],4001,50000,4002,50002,4003,50004,4004,50006,4005,50008,4006,50010,4007,50012,4008,50014,4009,50016,4010,50018,4011,50020,4012,50022,4013,50024,4014,50026,4015,50028,4016,50030,4017,50032,4019,50034,4020,50036,4021,50038,4022,50040,4023,50042,4024,50044,4025,50046,4026,50048,4027,50050,4028,50052,4029,50054,4030,50056,4031,50058,4032,50060,4033,50062,4034,50064,4035,50066,4036,50068,4037,50070,4038,50072,4039,50074,4040,50076,4041,50078,4042,50080,4043,50082,4044,50084,4045,50086,4046,50088,4047,50090,4048,50092,4049,50094,4050,50096,4051,50098;
	setarray $@KW_BASIS[100],4052,50100,4053,50102,4054,50104,4055,50106,4056,50108,4057,50110,4058,50112,4060,50114,4061,50116,4062,50118,4063,50120,4064,50122,4065,50124,4066,50126,4067,50128,4068,50130,4069,50132,4070,50134,4071,50136,4072,50138,4073,50140,4074,50142,4075,50144,4076,50146,4077,50148,4078,50150,4079,50152,4080,50154,4081,50156,4082,50158,4083,50160,4084,50162,4085,50164,4086,50166,4087,50168,4088,50170,4089,50172,4090,50174,4091,50176,4092,50178,4093,50180,4094,50182,4095,50184,4096,50186,4097,50188,4098,50190,4099,50192,4100,50194,4101,50196,4102,50198;
	setarray $@KW_BASIS[200],4103,50200,4104,50202,4105,50204,4106,50206,4107,50208,4108,50210,4109,50212,4110,50214,4111,50216,4112,50218,4113,50220,4114,50222,4115,50224,4116,50226,4117,50228,4118,50230,4119,50232,4120,50234,4121,50236,4122,50238,4123,50240,4124,50242,4125,50244,4126,50246,4127,50248,4128,50250,4129,50252,4131,50254,4132,50256,4133,50258,4134,50260,4135,50262,4136,50264,4137,50266,4138,50268,4139,50270,4140,50272,4141,50274,4142,50276,4143,50278,4144,50280,4145,50282,4146,50284,4147,50286,4148,50288,4149,50290,4150,50292,4151,50294,4152,50296,4153,50298;
	setarray $@KW_BASIS[300],4154,50300,4155,50302,4156,50304,4157,50306,4158,50308,4159,50310,4160,50312,4161,50314,4162,50316,4163,50318,4164,50320,4165,50322,4166,50324,4167,50326,4168,50328,4169,50330,4170,50332,4171,50334,4172,50336,4173,50338,4175,50340,4176,50342,4177,50344,4178,50346,4179,50348,4180,50350,4181,50352,4182,50354,4183,50356,4184,50358,4185,50360,4186,50362,4187,50364,4188,50366,4189,50368,4190,50370,4191,50372,4192,50374,4193,50376,4194,50378,4195,50380,4196,50382,4197,50384,4199,50386,4200,50388,4201,50390,4202,50392,4203,50394,4204,50396,4205,50398;
	setarray $@KW_BASIS[400],4206,50400,4207,50402,4208,50404,4209,50406,4210,50408,4211,50410,4212,50412,4213,50414,4214,50416,4215,50418,4216,50420,4217,50422,4218,50424,4219,50426,4220,50428,4221,50430,4222,50432,4223,50434,4224,50436,4225,50438,4226,50440,4227,50442,4228,50444,4229,50446,4230,50448,4231,50450,4232,50452,4233,50454,4234,50456,4235,50458,4236,50460,4237,50462,4238,50464,4239,50466,4240,50468,4241,50470,4242,50472,4243,50474,4244,50476,4245,50478,4246,50480,4247,50482,4248,50484,4249,50486,4250,50488,4251,50490,4252,50492,4253,50494,4254,50496,4255,50498;
	setarray $@KW_BASIS[500],4256,50500,4257,50502,4258,50504,4259,50506,4260,50508,4261,50510,4262,50512,4263,50514,4264,50516,4265,50518,4266,50520,4267,50522,4268,50524,4269,50526,4270,50528,4271,50530,4272,50532,4273,50534,4274,50536,4275,50538,4276,50540,4277,50542,4278,50544,4279,50546,4280,50548,4281,50550,4282,50552,4283,50554,4284,50556,4285,50558,4286,50560,4287,50562,4288,50564,4289,50566,4290,50568,4291,50570,4292,50572,4293,50574,4294,50576,4295,50578,4296,50580,4297,50582,4298,50584,4299,50586,4300,50588,4301,50590,4302,50592,4303,50594,4304,50596,4305,50598;
	setarray $@KW_BASIS[600],4306,50600,4307,50602,4308,50604,4309,50606,4310,50608,4311,50610,4312,50612,4313,50614,4314,50616,4315,50618,4316,50620,4317,50622,4318,50624,4319,50626,4320,50628,4321,50630,4322,50632,4323,50634,4324,50636,4325,50638,4326,50640,4327,50642,4328,50644,4329,50646,4330,50648,4331,50650,4332,50652,4333,50654,4334,50656,4335,50658,4336,50660,4337,50662,4338,50664,4339,50666,4340,50668,4341,50670,4342,50672,4343,50674,4344,50676,4345,50678,4346,50680,4347,50682,4348,50684,4349,50686,4350,50688,4351,50690,4352,50692,4353,50694,4354,50696,4355,50698;
	setarray $@KW_BASIS[700],4356,50700,4357,50702,4358,50704,4359,50706,4360,50708,4361,50710,4362,50712,4363,50714,4364,50716,4365,50718,4366,50720,4367,50722,4368,50724,4369,50726,4370,50728,4371,50730,4372,50732,4373,50734,4374,50736,4375,50738,4376,50740,4377,50742,4378,50744,4379,50746,4380,50748,4381,50750,4382,50752,4383,50754,4384,50756,4385,50758,4386,50760,4387,50762,4388,50764,4389,50766,4390,50768,4391,50770,4392,50772,4393,50774,4394,50776,4395,50778,4396,50780,4397,50782,4398,50784,4399,50786,4400,50788,4401,50790,4402,50792,4403,50794,4404,50796,4405,50798;
	setarray $@KW_BASIS[800],4406,50800,4407,50802,4408,50804,4409,50806,4410,50808,4411,50810,4412,50812,4413,50814,4414,50816,4415,50818,4416,50820,4417,50822,4418,50824,4419,50826,4420,50828,4421,50830,4422,50832,4423,50834,4424,50836,4425,50838,4426,50840,4427,50842,4428,50844,4429,50846,4430,50848,4431,50850,4432,50852,4433,50854,4434,50856,4435,50858,4436,50860,4437,50862,4438,50864,4439,50866,4440,50868,4441,50870,4442,50872,4443,50874,4444,50876,4445,50878,4446,50880,4447,50882,4448,50884,4449,50886,4450,50888,4451,50890,4452,50892,4453,50894,4456,50896,4458,50898;
	setarray $@KW_BASIS[900],4459,50900,4460,50902,4461,50904,4462,50906,4463,50908,4464,50910,4465,50912,4466,50914,4467,50916,4468,50918,4469,50920,4470,50922,4471,50924,4472,50926,4473,50928,4474,50930,4475,50932,4476,50934,4477,50936,4505,50938,4506,50940,4507,50942,4508,50944,4509,50946,4510,50948,4511,50950,4512,50952,4513,50954,4514,50956,4515,50958,4516,50960,4517,50962,4518,50964,4519,50966,4520,50968,4521,50970,4522,50972,4523,50974,4524,50976,4525,50978,4526,50980,4527,50982,4528,50984,4529,50986,4530,50988,4531,50990,4532,50992,4533,50994,4534,50996,4545,50998;
	setarray $@KW_BASIS[1000],4556,51000,4557,51002,4560,51004,4561,51006,4562,51008,4563,51010,4564,51012,4565,51014,4566,51016,4567,51018,4568,51020,4569,51022,4570,51024,4571,51026,4572,51028,4573,51030,4574,51032,4575,51034,4576,51036,4577,51038,4578,51040,4579,51042,4580,51044,4581,51046,4582,51048,4583,51050,4584,51052,4585,51054,4586,51056,4588,51058,4589,51060,4590,51062,4591,51064,4592,51066,4593,51068,4594,51070,4595,51072,4596,51074,4597,51076,4598,51078,4599,51080,4600,51082,4601,51084,4603,51086,4605,51088,4606,51090,4607,51092,4610,51094,4625,51096,4626,51098;
	setarray $@KW_BASIS[1100],4627,51100,4628,51102,4629,51104,4630,51106,4631,51108,4632,51110,4633,51112,4634,51114,4635,51116,4636,51118,4637,51120,4638,51122,4639,51124,4640,51126,4641,51128,4642,51130,4643,51132,4644,51134,4645,51136,4646,51138,4647,51140,4648,51142,4649,51144,4650,51146,4651,51148,4652,51150,4653,51152,4654,51154,4655,51156,4656,51158,4657,51160,4658,51162,4659,51164,4660,51166,4661,51168,4662,51170,4663,51172,4664,51174,4665,51176,4666,51178,4667,51180,4668,51182,4669,51184,4670,51186,4671,51188,4672,51190,4673,51192,4674,51194,4675,51196,4676,51198;
	setarray $@KW_BASIS[1200],4677,51200,4678,51202,4679,51204,4680,51206,4681,51208,4682,51210,4683,51212,4684,51214,4685,51216,4686,51218,4687,51220,4688,51222,4689,51224,4690,51226,4691,51228,4692,51230,4693,51232,4694,51234,4695,51236,4696,51238,4697,51240,4698,51242,4699,51244,27012,51246,27013,51248,27014,51250,27015,51252,27016,51254,27017,51256,27018,51258,27019,51260,27020,51262,27025,51264,27026,51266,27027,51268,27028,51270,27029,51272,27030,51274,27081,51276,27082,51278,27083,51280,27084,51282,27085,51284,27086,51286,27087,51288,27088,51290,27101,51292,27102,51294,27103,51296,27104,51298;
	setarray $@KW_BASIS[1300],27105,51300,27106,51302,27107,51304,27108,51306,27109,51308,27110,51310,27111,51312,27112,51314,27113,51316,27114,51318,27115,51320,27116,51322,27117,51324,27118,51326,27119,51328,27120,51330,27121,51332,27122,51334,27123,51336,27124,51338,27125,51340,27126,51342,27147,51344,27148,51346,27149,51348,27150,51350,27151,51352,27152,51354,27157,51356,27158,51358,27159,51360,27160,51362,27161,51364,27162,51366,27163,51368,27164,51370,27165,51372,27166,51374,27167,51376,27168,51378,27169,51380,27170,51382,27171,51384,27172,51386,27173,51388,27174,51390,27175,51392,27176,51394,27177,51396,27178,51398;
	setarray $@KW_BASIS[1400],27179,51400,27180,51402,27181,51404,27182,51406,27183,51408,27249,51410,27250,51412,27251,51414,27252,51416,27253,51418,27254,51420,27255,51422,27256,51424,27257,51426,27258,51428,27259,51430,27260,51432,27261,51434,27262,51436,27263,51438,27264,51440,27265,51442,27286,51444,27287,51446,27288,51448,27289,51450,27290,51452,27291,51454,27292,51456,27293,51458,27294,51460,27295,51462,27296,51464,27297,51466,27298,51468,27304,51470,27305,51472,27306,51474,27307,51476,27308,51478,27309,51480,27310,51482,27311,51484,27312,51486,27313,51488,27314,51490,27315,51492,27316,51494,27317,51496,27318,51498;
	setarray $@KW_BASIS[1500],27319,51500,27320,51502,27321,51504,27322,51506,27323,51508,27324,51510,27325,51512,27326,51514,27327,51516,27328,51518,27346,51520,27347,51522,27348,51524,27349,51526,27350,51528,27351,51530,27352,51532,27353,51534,27354,51536,27355,51538,27356,51540,27357,51542,27358,51544,27359,51546,27360,51548,27361,51550,27362,51552,27363,51554,30559,51556,31016,51558,31017,51560,31018,51562,31019,51564,31020,51566,31021,51568,31022,51570,31023,51572,31024,51574,31025,51576,31026,51578,300001,51580,300002,51582,300003,51584,300004,51586,300005,51588,300006,51590,300007,51592,300076,51594,300077,51596,300078,51598;
	setarray $@KW_BASIS[1600],300079,51600,300080,51602,300081,51604,300082,51606,300083,51608,300084,51610,300085,51612,300086,51614,300087,51616,300088,51618,300089,51620,300090,51622,300091,51624,300092,51626,300093,51628,300094,51630,300095,51632,300096,51634,300097,51636,300098,51638,300099,51640,300100,51642,300101,51644,300102,51646,300103,51648,300104,51650,300105,51652,300106,51654,300107,51656,300108,51658,300109,51660,300110,51662,300111,51664,300112,51666,300113,51668,300114,51670,300115,51672,300116,51674,300117,51676,300118,51678,300119,51680,300120,51682,300121,51684,300122,51686,300123,51688,300124,51690,300125,51692,300140,51694,300141,51696,300142,51698;
	setarray $@KW_BASIS[1700],300143,51700,300144,51702,300145,51704,300146,51706,300147,51708,300148,51710,300149,51712,300150,51714,300151,51716,300211,51718,300212,51720,300213,51722,300214,51724,300215,51726,300216,51728,300217,51730,300218,51732,300219,51734,300220,51736,300221,51738,300222,51740,300223,51742,300227,51744,300228,51746,300230,51748,300231,51750,300232,51752,300233,51754,300234,51756,300235,51758,300236,51760,300237,51762,300238,51764,300239,51766,300240,51768,300241,51770,300242,51772,300243,51774,300244,51776,300245,51778,300246,51780,300247,51782,300248,51784,300249,51786,300250,51788,300251,51790,300252,51792,300253,51794,300254,51796,300255,51798;
	setarray $@KW_BASIS[1800],300256,51800,300257,51802,300258,51804,300259,51806,300260,51808,300261,51810,300262,51812,300265,51814,300281,51816;
	setarray $@KW_ZIEL[0],50000,50001,50002,50003,50004,50005,50006,50007,50008,50009,50010,50011,50012,50013,50014,50015,50016,50017,50018,50019,50020,50021,50022,50023,50024,50025,50026,50027,50028,50029,50030,50031,50032,50033,50034,50035,50036,50037,50038,50039,50040,50041,50042,50043,50044,50045,50046,50047,50048,50049,50050,50051,50052,50053,50054,50055,50056,50057,50058,50059,50060,50061,50062,50063,50064,50065,50066,50067,50068,50069,50070,50071,50072,50073,50074,50075,50076,50077,50078,50079,50080,50081,50082,50083,50084,50085,50086,50087,50088,50089,50090,50091,50092,50093,50094,50095,50096,50097,50098,50099;
	setarray $@KW_ZIEL[100],50100,50101,50102,50103,50104,50105,50106,50107,50108,50109,50110,50111,50112,50113,50114,50115,50116,50117,50118,50119,50120,50121,50122,50123,50124,50125,50126,50127,50128,50129,50130,50131,50132,50133,50134,50135,50136,50137,50138,50139,50140,50141,50142,50143,50144,50145,50146,50147,50148,50149,50150,50151,50152,50153,50154,50155,50156,50157,50158,50159,50160,50161,50162,50163,50164,50165,50166,50167,50168,50169,50170,50171,50172,50173,50174,50175,50176,50177,50178,50179,50180,50181,50182,50183,50184,50185,50186,50187,50188,50189,50190,50191,50192,50193,50194,50195,50196,50197,50198,50199;
	setarray $@KW_ZIEL[200],50200,50201,50202,50203,50204,50205,50206,50207,50208,50209,50210,50211,50212,50213,50214,50215,50216,50217,50218,50219,50220,50221,50222,50223,50224,50225,50226,50227,50228,50229,50230,50231,50232,50233,50234,50235,50236,50237,50238,50239,50240,50241,50242,50243,50244,50245,50246,50247,50248,50249,50250,50251,50252,50253,50254,50255,50256,50257,50258,50259,50260,50261,50262,50263,50264,50265,50266,50267,50268,50269,50270,50271,50272,50273,50274,50275,50276,50277,50278,50279,50280,50281,50282,50283,50284,50285,50286,50287,50288,50289,50290,50291,50292,50293,50294,50295,50296,50297,50298,50299;
	setarray $@KW_ZIEL[300],50300,50301,50302,50303,50304,50305,50306,50307,50308,50309,50310,50311,50312,50313,50314,50315,50316,50317,50318,50319,50320,50321,50322,50323,50324,50325,50326,50327,50328,50329,50330,50331,50332,50333,50334,50335,50336,50337,50338,50339,50340,50341,50342,50343,50344,50345,50346,50347,50348,50349,50350,50351,50352,50353,50354,50355,50356,50357,50358,50359,50360,50361,50362,50363,50364,50365,50366,50367,50368,50369,50370,50371,50372,50373,50374,50375,50376,50377,50378,50379,50380,50381,50382,50383,50384,50385,50386,50387,50388,50389,50390,50391,50392,50393,50394,50395,50396,50397,50398,50399;
	setarray $@KW_ZIEL[400],50400,50401,50402,50403,50404,50405,50406,50407,50408,50409,50410,50411,50412,50413,50414,50415,50416,50417,50418,50419,50420,50421,50422,50423,50424,50425,50426,50427,50428,50429,50430,50431,50432,50433,50434,50435,50436,50437,50438,50439,50440,50441,50442,50443,50444,50445,50446,50447,50448,50449,50450,50451,50452,50453,50454,50455,50456,50457,50458,50459,50460,50461,50462,50463,50464,50465,50466,50467,50468,50469,50470,50471,50472,50473,50474,50475,50476,50477,50478,50479,50480,50481,50482,50483,50484,50485,50486,50487,50488,50489,50490,50491,50492,50493,50494,50495,50496,50497,50498,50499;
	setarray $@KW_ZIEL[500],50500,50501,50502,50503,50504,50505,50506,50507,50508,50509,50510,50511,50512,50513,50514,50515,50516,50517,50518,50519,50520,50521,50522,50523,50524,50525,50526,50527,50528,50529,50530,50531,50532,50533,50534,50535,50536,50537,50538,50539,50540,50541,50542,50543,50544,50545,50546,50547,50548,50549,50550,50551,50552,50553,50554,50555,50556,50557,50558,50559,50560,50561,50562,50563,50564,50565,50566,50567,50568,50569,50570,50571,50572,50573,50574,50575,50576,50577,50578,50579,50580,50581,50582,50583,50584,50585,50586,50587,50588,50589,50590,50591,50592,50593,50594,50595,50596,50597,50598,50599;
	setarray $@KW_ZIEL[600],50600,50601,50602,50603,50604,50605,50606,50607,50608,50609,50610,50611,50612,50613,50614,50615,50616,50617,50618,50619,50620,50621,50622,50623,50624,50625,50626,50627,50628,50629,50630,50631,50632,50633,50634,50635,50636,50637,50638,50639,50640,50641,50642,50643,50644,50645,50646,50647,50648,50649,50650,50651,50652,50653,50654,50655,50656,50657,50658,50659,50660,50661,50662,50663,50664,50665,50666,50667,50668,50669,50670,50671,50672,50673,50674,50675,50676,50677,50678,50679,50680,50681,50682,50683,50684,50685,50686,50687,50688,50689,50690,50691,50692,50693,50694,50695,50696,50697,50698,50699;
	setarray $@KW_ZIEL[700],50700,50701,50702,50703,50704,50705,50706,50707,50708,50709,50710,50711,50712,50713,50714,50715,50716,50717,50718,50719,50720,50721,50722,50723,50724,50725,50726,50727,50728,50729,50730,50731,50732,50733,50734,50735,50736,50737,50738,50739,50740,50741,50742,50743,50744,50745,50746,50747,50748,50749,50750,50751,50752,50753,50754,50755,50756,50757,50758,50759,50760,50761,50762,50763,50764,50765,50766,50767,50768,50769,50770,50771,50772,50773,50774,50775,50776,50777,50778,50779,50780,50781,50782,50783,50784,50785,50786,50787,50788,50789,50790,50791,50792,50793,50794,50795,50796,50797,50798,50799;
	setarray $@KW_ZIEL[800],50800,50801,50802,50803,50804,50805,50806,50807,50808,50809,50810,50811,50812,50813,50814,50815,50816,50817,50818,50819,50820,50821,50822,50823,50824,50825,50826,50827,50828,50829,50830,50831,50832,50833,50834,50835,50836,50837,50838,50839,50840,50841,50842,50843,50844,50845,50846,50847,50848,50849,50850,50851,50852,50853,50854,50855,50856,50857,50858,50859,50860,50861,50862,50863,50864,50865,50866,50867,50868,50869,50870,50871,50872,50873,50874,50875,50876,50877,50878,50879,50880,50881,50882,50883,50884,50885,50886,50887,50888,50889,50890,50891,50892,50893,50894,50895,50896,50897,50898,50899;
	setarray $@KW_ZIEL[900],50900,50901,50902,50903,50904,50905,50906,50907,50908,50909,50910,50911,50912,50913,50914,50915,50916,50917,50918,50919,50920,50921,50922,50923,50924,50925,50926,50927,50928,50929,50930,50931,50932,50933,50934,50935,50936,50937,50938,50939,50940,50941,50942,50943,50944,50945,50946,50947,50948,50949,50950,50951,50952,50953,50954,50955,50956,50957,50958,50959,50960,50961,50962,50963,50964,50965,50966,50967,50968,50969,50970,50971,50972,50973,50974,50975,50976,50977,50978,50979,50980,50981,50982,50983,50984,50985,50986,50987,50988,50989,50990,50991,50992,50993,50994,50995,50996,50997,50998,50999;
	setarray $@KW_ZIEL[1000],51000,51001,51002,51003,51004,51005,51006,51007,51008,51009,51010,51011,51012,51013,51014,51015,51016,51017,51018,51019,51020,51021,51022,51023,51024,51025,51026,51027,51028,51029,51030,51031,51032,51033,51034,51035,51036,51037,51038,51039,51040,51041,51042,51043,51044,51045,51046,51047,51048,51049,51050,51051,51052,51053,51054,51055,51056,51057,51058,51059,51060,51061,51062,51063,51064,51065,51066,51067,51068,51069,51070,51071,51072,51073,51074,51075,51076,51077,51078,51079,51080,51081,51082,51083,51084,51085,51086,51087,51088,51089,51090,51091,51092,51093,51094,51095,51096,51097,51098,51099;
	setarray $@KW_ZIEL[1100],51100,51101,51102,51103,51104,51105,51106,51107,51108,51109,51110,51111,51112,51113,51114,51115,51116,51117,51118,51119,51120,51121,51122,51123,51124,51125,51126,51127,51128,51129,51130,51131,51132,51133,51134,51135,51136,51137,51138,51139,51140,51141,51142,51143,51144,51145,51146,51147,51148,51149,51150,51151,51152,51153,51154,51155,51156,51157,51158,51159,51160,51161,51162,51163,51164,51165,51166,51167,51168,51169,51170,51171,51172,51173,51174,51175,51176,51177,51178,51179,51180,51181,51182,51183,51184,51185,51186,51187,51188,51189,51190,51191,51192,51193,51194,51195,51196,51197,51198,51199;
	setarray $@KW_ZIEL[1200],51200,51201,51202,51203,51204,51205,51206,51207,51208,51209,51210,51211,51212,51213,51214,51215,51216,51217,51218,51219,51220,51221,51222,51223,51224,51225,51226,51227,51228,51229,51230,51231,51232,51233,51234,51235,51236,51237,51238,51239,51240,51241,51242,51243,51244,51245,51246,51247,51248,51249,51250,51251,51252,51253,51254,51255,51256,51257,51258,51259,51260,51261,51262,51263,51264,51265,51266,51267,51268,51269,51270,51271,51272,51273,51274,51275,51276,51277,51278,51279,51280,51281,51282,51283,51284,51285,51286,51287,51288,51289,51290,51291,51292,51293,51294,51295,51296,51297,51298,51299;
	setarray $@KW_ZIEL[1300],51300,51301,51302,51303,51304,51305,51306,51307,51308,51309,51310,51311,51312,51313,51314,51315,51316,51317,51318,51319,51320,51321,51322,51323,51324,51325,51326,51327,51328,51329,51330,51331,51332,51333,51334,51335,51336,51337,51338,51339,51340,51341,51342,51343,51344,51345,51346,51347,51348,51349,51350,51351,51352,51353,51354,51355,51356,51357,51358,51359,51360,51361,51362,51363,51364,51365,51366,51367,51368,51369,51370,51371,51372,51373,51374,51375,51376,51377,51378,51379,51380,51381,51382,51383,51384,51385,51386,51387,51388,51389,51390,51391,51392,51393,51394,51395,51396,51397,51398,51399;
	setarray $@KW_ZIEL[1400],51400,51401,51402,51403,51404,51405,51406,51407,51408,51409,51410,51411,51412,51413,51414,51415,51416,51417,51418,51419,51420,51421,51422,51423,51424,51425,51426,51427,51428,51429,51430,51431,51432,51433,51434,51435,51436,51437,51438,51439,51440,51441,51442,51443,51444,51445,51446,51447,51448,51449,51450,51451,51452,51453,51454,51455,51456,51457,51458,51459,51460,51461,51462,51463,51464,51465,51466,51467,51468,51469,51470,51471,51472,51473,51474,51475,51476,51477,51478,51479,51480,51481,51482,51483,51484,51485,51486,51487,51488,51489,51490,51491,51492,51493,51494,51495,51496,51497,51498,51499;
	setarray $@KW_ZIEL[1500],51500,51501,51502,51503,51504,51505,51506,51507,51508,51509,51510,51511,51512,51513,51514,51515,51516,51517,51518,51519,51520,51521,51522,51523,51524,51525,51526,51527,51528,51529,51530,51531,51532,51533,51534,51535,51536,51537,51538,51539,51540,51541,51542,51543,51544,51545,51546,51547,51548,51549,51550,51551,51552,51553,51554,51555,51556,51557,51558,51559,51560,51561,51562,51563,51564,51565,51566,51567,51568,51569,51570,51571,51572,51573,51574,51575,51576,51577,51578,51579,51580,51581,51582,51583,51584,51585,51586,51587,51588,51589,51590,51591,51592,51593,51594,51595,51596,51597,51598,51599;
	setarray $@KW_ZIEL[1600],51600,51601,51602,51603,51604,51605,51606,51607,51608,51609,51610,51611,51612,51613,51614,51615,51616,51617,51618,51619,51620,51621,51622,51623,51624,51625,51626,51627,51628,51629,51630,51631,51632,51633,51634,51635,51636,51637,51638,51639,51640,51641,51642,51643,51644,51645,51646,51647,51648,51649,51650,51651,51652,51653,51654,51655,51656,51657,51658,51659,51660,51661,51662,51663,51664,51665,51666,51667,51668,51669,51670,51671,51672,51673,51674,51675,51676,51677,51678,51679,51680,51681,51682,51683,51684,51685,51686,51687,51688,51689,51690,51691,51692,51693,51694,51695,51696,51697,51698,51699;
	setarray $@KW_ZIEL[1700],51700,51701,51702,51703,51704,51705,51706,51707,51708,51709,51710,51711,51712,51713,51714,51715,51716,51717,51718,51719,51720,51721,51722,51723,51724,51725,51726,51727,51728,51729,51730,51731,51732,51733,51734,51735,51736,51737,51738,51739,51740,51741,51742,51743,51744,51745,51746,51747,51748,51749,51750,51751,51752,51753,51754,51755,51756,51757,51758,51759,51760,51761,51762,51763,51764,51765,51766,51767,51768,51769,51770,51771,51772,51773,51774,51775,51776,51777,51778,51779,51780,51781,51782,51783,51784,51785,51786,51787,51788,51789,51790,51791,51792,51793,51794,51795,51796,51797,51798,51799;
	setarray $@KW_ZIEL[1800],51800,51801,51802,51803,51804,51805,51806,51807,51808,51809,51810,51811,51812,51813,51814,51815,51816,51817;
	setarray $@KW_GEBUEHR[0],500000,2000000,500000,2000000,500000,2000000,500000,2000000,5000000,25000000,500000,2000000,500000,2000000,500000,2000000,500000,2000000,500000,2000000,500000,2000000,500000,2000000,500000,2000000,500000,2000000,500000,2000000,500000,2000000,500000,2000000,500000,2000000,500000,2000000,500000,2000000,500000,2000000,500000,2000000,500000,2000000,500000,2000000,500000,2000000,500000,2000000,500000,2000000,500000,2000000,500000,2000000,500000,2000000,500000,2000000,500000,2000000,500000,2000000,500000,2000000,500000,2000000,500000,2000000,500000,2000000,500000,2000000,500000,2000000,500000,2000000,500000,2000000,500000,2000000,500000,2000000,500000,2000000,500000,2000000,500000,2000000,500000,2000000,500000,2000000,500000,2000000,500000,2000000;
	setarray $@KW_GEBUEHR[100],500000,2000000,500000,2000000,500000,2000000,500000,2000000,500000,2000000,500000,2000000,500000,2000000,500000,2000000,500000,2000000,500000,2000000,500000,2000000,500000,2000000,500000,2000000,500000,2000000,500000,2000000,500000,2000000,500000,2000000,500000,2000000,500000,2000000,500000,2000000,500000,2000000,5000000,25000000,500000,2000000,500000,2000000,500000,2000000,500000,2000000,500000,2000000,500000,2000000,500000,2000000,500000,2000000,500000,2000000,500000,2000000,500000,2000000,500000,2000000,500000,2000000,500000,2000000,500000,2000000,500000,2000000,500000,2000000,500000,2000000,500000,2000000,500000,2000000,500000,2000000,500000,2000000,500000,2000000,500000,2000000,500000,2000000,500000,2000000,500000,2000000,500000,2000000;
	setarray $@KW_GEBUEHR[200],500000,2000000,500000,2000000,500000,2000000,500000,2000000,500000,2000000,500000,2000000,500000,2000000,500000,2000000,500000,2000000,500000,2000000,500000,2000000,500000,2000000,500000,2000000,500000,2000000,500000,2000000,500000,2000000,500000,2000000,500000,2000000,5000000,25000000,500000,2000000,5000000,25000000,500000,2000000,500000,2000000,500000,2000000,5000000,25000000,5000000,25000000,500000,2000000,5000000,25000000,5000000,25000000,500000,2000000,5000000,25000000,5000000,25000000,500000,2000000,5000000,25000000,500000,2000000,500000,2000000,500000,2000000,500000,2000000,5000000,25000000,5000000,25000000,5000000,25000000,5000000,25000000,5000000,25000000,5000000,25000000,5000000,25000000,500000,2000000,500000,2000000,500000,2000000,500000,2000000,500000,2000000;
	setarray $@KW_GEBUEHR[300],500000,2000000,500000,2000000,500000,2000000,500000,2000000,500000,2000000,500000,2000000,500000,2000000,500000,2000000,500000,2000000,500000,2000000,500000,2000000,500000,2000000,500000,2000000,500000,2000000,5000000,25000000,5000000,25000000,500000,2000000,500000,2000000,500000,2000000,500000,2000000,500000,2000000,500000,2000000,500000,2000000,500000,2000000,500000,2000000,500000,2000000,500000,2000000,500000,2000000,500000,2000000,500000,2000000,500000,2000000,500000,2000000,500000,2000000,500000,2000000,500000,2000000,500000,2000000,500000,2000000,500000,2000000,500000,2000000,500000,2000000,500000,2000000,500000,2000000,500000,2000000,500000,2000000,500000,2000000,500000,2000000,500000,2000000,500000,2000000,500000,2000000,500000,2000000;
	setarray $@KW_GEBUEHR[400],500000,2000000,500000,2000000,500000,2000000,500000,2000000,5000000,25000000,500000,2000000,500000,2000000,500000,2000000,500000,2000000,500000,2000000,500000,2000000,500000,2000000,500000,2000000,500000,2000000,500000,2000000,500000,2000000,500000,2000000,500000,2000000,500000,2000000,500000,2000000,500000,2000000,500000,2000000,500000,2000000,500000,2000000,500000,2000000,500000,2000000,500000,2000000,500000,2000000,500000,2000000,500000,2000000,5000000,25000000,500000,2000000,500000,2000000,500000,2000000,500000,2000000,500000,2000000,500000,2000000,500000,2000000,500000,2000000,500000,2000000,5000000,25000000,500000,2000000,500000,2000000,500000,2000000,500000,2000000,500000,2000000,500000,2000000,500000,2000000,500000,2000000,500000,2000000;
	setarray $@KW_GEBUEHR[500],500000,2000000,500000,2000000,500000,2000000,500000,2000000,500000,2000000,500000,2000000,500000,2000000,5000000,25000000,500000,2000000,500000,2000000,500000,2000000,500000,2000000,500000,2000000,500000,2000000,500000,2000000,500000,2000000,500000,2000000,500000,2000000,500000,2000000,500000,2000000,5000000,25000000,500000,2000000,500000,2000000,500000,2000000,500000,2000000,500000,2000000,500000,2000000,500000,2000000,500000,2000000,500000,2000000,500000,2000000,500000,2000000,500000,2000000,500000,2000000,500000,2000000,500000,2000000,500000,2000000,500000,2000000,500000,2000000,500000,2000000,500000,2000000,500000,2000000,500000,2000000,500000,2000000,500000,2000000,500000,2000000,5000000,25000000,500000,2000000,500000,2000000,5000000,25000000;
	setarray $@KW_GEBUEHR[600],500000,2000000,500000,2000000,500000,2000000,500000,2000000,500000,2000000,500000,2000000,500000,2000000,500000,2000000,500000,2000000,500000,2000000,500000,2000000,500000,2000000,5000000,25000000,500000,2000000,500000,2000000,500000,2000000,500000,2000000,500000,2000000,5000000,25000000,500000,2000000,500000,2000000,500000,2000000,500000,2000000,500000,2000000,5000000,25000000,500000,2000000,500000,2000000,500000,2000000,500000,2000000,500000,2000000,500000,2000000,500000,2000000,500000,2000000,500000,2000000,500000,2000000,500000,2000000,5000000,25000000,500000,2000000,500000,2000000,500000,2000000,500000,2000000,500000,2000000,500000,2000000,500000,2000000,500000,2000000,500000,2000000,5000000,25000000,500000,2000000,500000,2000000,500000,2000000;
	setarray $@KW_GEBUEHR[700],500000,2000000,5000000,25000000,500000,2000000,5000000,25000000,500000,2000000,5000000,25000000,500000,2000000,5000000,25000000,500000,2000000,5000000,25000000,500000,2000000,5000000,25000000,500000,2000000,500000,2000000,500000,2000000,500000,2000000,5000000,25000000,500000,2000000,5000000,25000000,500000,2000000,5000000,25000000,500000,2000000,500000,2000000,500000,2000000,500000,2000000,500000,2000000,500000,2000000,500000,2000000,500000,2000000,500000,2000000,5000000,25000000,500000,2000000,500000,2000000,500000,2000000,500000,2000000,500000,2000000,500000,2000000,500000,2000000,500000,2000000,500000,2000000,500000,2000000,500000,2000000,500000,2000000,5000000,25000000,500000,2000000,500000,2000000,500000,2000000,5000000,25000000,500000,2000000,500000,2000000;
	setarray $@KW_GEBUEHR[800],500000,2000000,5000000,25000000,5000000,25000000,500000,2000000,5000000,25000000,500000,2000000,500000,2000000,500000,2000000,500000,2000000,500000,2000000,500000,2000000,500000,2000000,500000,2000000,5000000,25000000,500000,2000000,500000,2000000,500000,2000000,500000,2000000,500000,2000000,5000000,25000000,500000,2000000,500000,2000000,500000,2000000,500000,2000000,5000000,25000000,500000,2000000,500000,2000000,500000,2000000,500000,2000000,500000,2000000,500000,2000000,500000,2000000,500000,2000000,500000,2000000,500000,2000000,5000000,25000000,500000,2000000,500000,2000000,500000,2000000,500000,2000000,500000,2000000,500000,2000000,500000,2000000,500000,2000000,500000,2000000,5000000,25000000,500000,2000000,500000,2000000,5000000,25000000,500000,2000000;
	setarray $@KW_GEBUEHR[900],500000,2000000,500000,2000000,500000,2000000,500000,2000000,500000,2000000,500000,2000000,500000,2000000,500000,2000000,500000,2000000,500000,2000000,500000,2000000,500000,2000000,500000,2000000,500000,2000000,500000,2000000,500000,2000000,500000,2000000,500000,2000000,500000,2000000,500000,2000000,500000,2000000,5000000,25000000,500000,2000000,5000000,25000000,500000,2000000,500000,2000000,500000,2000000,500000,2000000,500000,2000000,500000,2000000,500000,2000000,500000,2000000,500000,2000000,500000,2000000,5000000,25000000,500000,2000000,500000,2000000,500000,2000000,500000,2000000,5000000,25000000,5000000,25000000,5000000,25000000,5000000,25000000,5000000,25000000,500000,2000000,500000,2000000,500000,2000000,500000,2000000,5000000,25000000,500000,2000000;
	setarray $@KW_GEBUEHR[1000],5000000,25000000,5000000,25000000,5000000,25000000,5000000,25000000,5000000,25000000,5000000,25000000,5000000,25000000,5000000,25000000,5000000,25000000,500000,2000000,500000,2000000,500000,2000000,500000,2000000,500000,2000000,500000,2000000,500000,2000000,5000000,25000000,500000,2000000,5000000,25000000,500000,2000000,5000000,25000000,500000,2000000,5000000,25000000,500000,2000000,500000,2000000,500000,2000000,500000,2000000,500000,2000000,500000,2000000,500000,2000000,500000,2000000,500000,2000000,500000,2000000,5000000,25000000,500000,2000000,500000,2000000,500000,2000000,500000,2000000,500000,2000000,500000,2000000,500000,2000000,500000,2000000,5000000,25000000,5000000,25000000,500000,2000000,500000,2000000,500000,2000000,5000000,25000000,5000000,25000000,500000,2000000;
	setarray $@KW_GEBUEHR[1100],500000,2000000,500000,2000000,500000,2000000,500000,2000000,500000,2000000,500000,2000000,500000,2000000,500000,2000000,500000,2000000,5000000,25000000,500000,2000000,500000,2000000,500000,2000000,500000,2000000,500000,2000000,500000,2000000,500000,2000000,500000,2000000,500000,2000000,500000,2000000,5000000,25000000,5000000,25000000,5000000,25000000,5000000,25000000,5000000,25000000,5000000,25000000,500000,2000000,500000,2000000,500000,2000000,500000,2000000,500000,2000000,500000,2000000,500000,2000000,500000,2000000,500000,2000000,5000000,25000000,500000,2000000,500000,2000000,500000,2000000,500000,2000000,500000,2000000,500000,2000000,500000,2000000,500000,2000000,5000000,25000000,5000000,25000000,5000000,25000000,5000000,25000000,5000000,25000000,5000000,25000000;
	setarray $@KW_GEBUEHR[1200],5000000,25000000,5000000,25000000,5000000,25000000,5000000,25000000,5000000,25000000,5000000,25000000,5000000,25000000,500000,2000000,500000,2000000,500000,2000000,500000,2000000,500000,2000000,500000,2000000,500000,2000000,500000,2000000,500000,2000000,500000,2000000,500000,2000000,500000,2000000,500000,2000000,5000000,25000000,500000,2000000,500000,2000000,500000,2000000,500000,2000000,500000,2000000,500000,2000000,500000,2000000,500000,2000000,500000,2000000,500000,2000000,5000000,25000000,5000000,25000000,500000,2000000,500000,2000000,500000,2000000,500000,2000000,500000,2000000,5000000,25000000,500000,2000000,500000,2000000,500000,2000000,500000,2000000,500000,2000000,500000,2000000,500000,2000000,500000,2000000,500000,2000000,500000,2000000,5000000,25000000;
	setarray $@KW_GEBUEHR[1300],500000,2000000,5000000,25000000,500000,2000000,500000,2000000,500000,2000000,500000,2000000,500000,2000000,500000,2000000,5000000,25000000,500000,2000000,500000,2000000,500000,2000000,500000,2000000,500000,2000000,5000000,25000000,500000,2000000,500000,2000000,500000,2000000,500000,2000000,500000,2000000,500000,2000000,5000000,25000000,500000,2000000,500000,2000000,500000,2000000,5000000,25000000,5000000,25000000,5000000,25000000,500000,2000000,500000,2000000,500000,2000000,500000,2000000,500000,2000000,5000000,25000000,500000,2000000,5000000,25000000,500000,2000000,500000,2000000,500000,2000000,500000,2000000,500000,2000000,500000,2000000,500000,2000000,500000,2000000,500000,2000000,500000,2000000,500000,2000000,500000,2000000,500000,2000000,500000,2000000;
	setarray $@KW_GEBUEHR[1400],500000,2000000,5000000,25000000,500000,2000000,5000000,25000000,500000,2000000,500000,2000000,500000,2000000,500000,2000000,500000,2000000,500000,2000000,500000,2000000,500000,2000000,500000,2000000,500000,2000000,500000,2000000,500000,2000000,500000,2000000,500000,2000000,500000,2000000,500000,2000000,500000,2000000,5000000,25000000,500000,2000000,500000,2000000,500000,2000000,500000,2000000,500000,2000000,500000,2000000,500000,2000000,500000,2000000,5000000,25000000,500000,2000000,500000,2000000,500000,2000000,5000000,25000000,500000,2000000,5000000,25000000,500000,2000000,500000,2000000,500000,2000000,500000,2000000,500000,2000000,500000,2000000,500000,2000000,500000,2000000,500000,2000000,500000,2000000,500000,2000000,500000,2000000,5000000,25000000;
	setarray $@KW_GEBUEHR[1500],5000000,25000000,500000,2000000,5000000,25000000,500000,2000000,500000,2000000,500000,2000000,500000,2000000,5000000,25000000,5000000,25000000,500000,2000000,5000000,25000000,500000,2000000,500000,2000000,500000,2000000,500000,2000000,500000,2000000,500000,2000000,500000,2000000,500000,2000000,500000,2000000,500000,2000000,500000,2000000,500000,2000000,500000,2000000,500000,2000000,500000,2000000,5000000,25000000,5000000,25000000,500000,2000000,500000,2000000,500000,2000000,500000,2000000,500000,2000000,500000,2000000,500000,2000000,500000,2000000,5000000,25000000,500000,2000000,500000,2000000,5000000,25000000,500000,2000000,500000,2000000,500000,2000000,500000,2000000,500000,2000000,500000,2000000,5000000,25000000,500000,2000000,500000,2000000,5000000,25000000;
	setarray $@KW_GEBUEHR[1600],5000000,25000000,5000000,25000000,500000,2000000,500000,2000000,500000,2000000,500000,2000000,500000,2000000,500000,2000000,500000,2000000,500000,2000000,500000,2000000,500000,2000000,500000,2000000,500000,2000000,500000,2000000,500000,2000000,500000,2000000,500000,2000000,500000,2000000,500000,2000000,5000000,25000000,5000000,25000000,500000,2000000,500000,2000000,500000,2000000,500000,2000000,500000,2000000,500000,2000000,5000000,25000000,500000,2000000,500000,2000000,500000,2000000,500000,2000000,500000,2000000,500000,2000000,500000,2000000,500000,2000000,500000,2000000,500000,2000000,500000,2000000,500000,2000000,500000,2000000,500000,2000000,500000,2000000,500000,2000000,500000,2000000,500000,2000000,500000,2000000,500000,2000000,500000,2000000;
	setarray $@KW_GEBUEHR[1700],500000,2000000,500000,2000000,5000000,25000000,500000,2000000,500000,2000000,500000,2000000,500000,2000000,500000,2000000,5000000,25000000,500000,2000000,500000,2000000,500000,2000000,500000,2000000,500000,2000000,500000,2000000,5000000,25000000,500000,2000000,500000,2000000,500000,2000000,500000,2000000,500000,2000000,500000,2000000,5000000,25000000,5000000,25000000,500000,2000000,500000,2000000,500000,2000000,500000,2000000,500000,2000000,500000,2000000,500000,2000000,500000,2000000,500000,2000000,5000000,25000000,500000,2000000,500000,2000000,500000,2000000,500000,2000000,500000,2000000,500000,2000000,500000,2000000,500000,2000000,5000000,25000000,500000,2000000,500000,2000000,500000,2000000,500000,2000000,500000,2000000,500000,2000000,500000,2000000;
	setarray $@KW_GEBUEHR[1800],500000,2000000,500000,2000000,500000,2000000,500000,2000000,500000,2000000,500000,2000000,5000000,25000000,500000,2000000,5000000,25000000;
	setarray $@KW_STUFE[0],2,3,2,3,2,3,2,3,2,3,2,3,2,3,2,3,2,3,2,3,2,3,2,3,2,3,2,3,2,3,2,3,2,3,2,3,2,3,2,3,2,3,2,3,2,3,2,3,2,3,2,3,2,3,2,3,2,3,2,3,2,3,2,3,2,3,2,3,2,3,2,3,2,3,2,3,2,3,2,3,2,3,2,3,2,3,2,3,2,3,2,3,2,3,2,3,2,3,2,3;
	setarray $@KW_STUFE[100],2,3,2,3,2,3,2,3,2,3,2,3,2,3,2,3,2,3,2,3,2,3,2,3,2,3,2,3,2,3,2,3,2,3,2,3,2,3,2,3,2,3,2,3,2,3,2,3,2,3,2,3,2,3,2,3,2,3,2,3,2,3,2,3,2,3,2,3,2,3,2,3,2,3,2,3,2,3,2,3,2,3,2,3,2,3,2,3,2,3,2,3,2,3,2,3,2,3,2,3;
	setarray $@KW_STUFE[200],2,3,2,3,2,3,2,3,2,3,2,3,2,3,2,3,2,3,2,3,2,3,2,3,2,3,2,3,2,3,2,3,2,3,2,3,2,3,2,3,2,3,2,3,2,3,2,3,2,3,2,3,2,3,2,3,2,3,2,3,2,3,2,3,2,3,2,3,2,3,2,3,2,3,2,3,2,3,2,3,2,3,2,3,2,3,2,3,2,3,2,3,2,3,2,3,2,3,2,3;
	setarray $@KW_STUFE[300],2,3,2,3,2,3,2,3,2,3,2,3,2,3,2,3,2,3,2,3,2,3,2,3,2,3,2,3,2,3,2,3,2,3,2,3,2,3,2,3,2,3,2,3,2,3,2,3,2,3,2,3,2,3,2,3,2,3,2,3,2,3,2,3,2,3,2,3,2,3,2,3,2,3,2,3,2,3,2,3,2,3,2,3,2,3,2,3,2,3,2,3,2,3,2,3,2,3,2,3;
	setarray $@KW_STUFE[400],2,3,2,3,2,3,2,3,2,3,2,3,2,3,2,3,2,3,2,3,2,3,2,3,2,3,2,3,2,3,2,3,2,3,2,3,2,3,2,3,2,3,2,3,2,3,2,3,2,3,2,3,2,3,2,3,2,3,2,3,2,3,2,3,2,3,2,3,2,3,2,3,2,3,2,3,2,3,2,3,2,3,2,3,2,3,2,3,2,3,2,3,2,3,2,3,2,3,2,3;
	setarray $@KW_STUFE[500],2,3,2,3,2,3,2,3,2,3,2,3,2,3,2,3,2,3,2,3,2,3,2,3,2,3,2,3,2,3,2,3,2,3,2,3,2,3,2,3,2,3,2,3,2,3,2,3,2,3,2,3,2,3,2,3,2,3,2,3,2,3,2,3,2,3,2,3,2,3,2,3,2,3,2,3,2,3,2,3,2,3,2,3,2,3,2,3,2,3,2,3,2,3,2,3,2,3,2,3;
	setarray $@KW_STUFE[600],2,3,2,3,2,3,2,3,2,3,2,3,2,3,2,3,2,3,2,3,2,3,2,3,2,3,2,3,2,3,2,3,2,3,2,3,2,3,2,3,2,3,2,3,2,3,2,3,2,3,2,3,2,3,2,3,2,3,2,3,2,3,2,3,2,3,2,3,2,3,2,3,2,3,2,3,2,3,2,3,2,3,2,3,2,3,2,3,2,3,2,3,2,3,2,3,2,3,2,3;
	setarray $@KW_STUFE[700],2,3,2,3,2,3,2,3,2,3,2,3,2,3,2,3,2,3,2,3,2,3,2,3,2,3,2,3,2,3,2,3,2,3,2,3,2,3,2,3,2,3,2,3,2,3,2,3,2,3,2,3,2,3,2,3,2,3,2,3,2,3,2,3,2,3,2,3,2,3,2,3,2,3,2,3,2,3,2,3,2,3,2,3,2,3,2,3,2,3,2,3,2,3,2,3,2,3,2,3;
	setarray $@KW_STUFE[800],2,3,2,3,2,3,2,3,2,3,2,3,2,3,2,3,2,3,2,3,2,3,2,3,2,3,2,3,2,3,2,3,2,3,2,3,2,3,2,3,2,3,2,3,2,3,2,3,2,3,2,3,2,3,2,3,2,3,2,3,2,3,2,3,2,3,2,3,2,3,2,3,2,3,2,3,2,3,2,3,2,3,2,3,2,3,2,3,2,3,2,3,2,3,2,3,2,3,2,3;
	setarray $@KW_STUFE[900],2,3,2,3,2,3,2,3,2,3,2,3,2,3,2,3,2,3,2,3,2,3,2,3,2,3,2,3,2,3,2,3,2,3,2,3,2,3,2,3,2,3,2,3,2,3,2,3,2,3,2,3,2,3,2,3,2,3,2,3,2,3,2,3,2,3,2,3,2,3,2,3,2,3,2,3,2,3,2,3,2,3,2,3,2,3,2,3,2,3,2,3,2,3,2,3,2,3,2,3;
	setarray $@KW_STUFE[1000],2,3,2,3,2,3,2,3,2,3,2,3,2,3,2,3,2,3,2,3,2,3,2,3,2,3,2,3,2,3,2,3,2,3,2,3,2,3,2,3,2,3,2,3,2,3,2,3,2,3,2,3,2,3,2,3,2,3,2,3,2,3,2,3,2,3,2,3,2,3,2,3,2,3,2,3,2,3,2,3,2,3,2,3,2,3,2,3,2,3,2,3,2,3,2,3,2,3,2,3;
	setarray $@KW_STUFE[1100],2,3,2,3,2,3,2,3,2,3,2,3,2,3,2,3,2,3,2,3,2,3,2,3,2,3,2,3,2,3,2,3,2,3,2,3,2,3,2,3,2,3,2,3,2,3,2,3,2,3,2,3,2,3,2,3,2,3,2,3,2,3,2,3,2,3,2,3,2,3,2,3,2,3,2,3,2,3,2,3,2,3,2,3,2,3,2,3,2,3,2,3,2,3,2,3,2,3,2,3;
	setarray $@KW_STUFE[1200],2,3,2,3,2,3,2,3,2,3,2,3,2,3,2,3,2,3,2,3,2,3,2,3,2,3,2,3,2,3,2,3,2,3,2,3,2,3,2,3,2,3,2,3,2,3,2,3,2,3,2,3,2,3,2,3,2,3,2,3,2,3,2,3,2,3,2,3,2,3,2,3,2,3,2,3,2,3,2,3,2,3,2,3,2,3,2,3,2,3,2,3,2,3,2,3,2,3,2,3;
	setarray $@KW_STUFE[1300],2,3,2,3,2,3,2,3,2,3,2,3,2,3,2,3,2,3,2,3,2,3,2,3,2,3,2,3,2,3,2,3,2,3,2,3,2,3,2,3,2,3,2,3,2,3,2,3,2,3,2,3,2,3,2,3,2,3,2,3,2,3,2,3,2,3,2,3,2,3,2,3,2,3,2,3,2,3,2,3,2,3,2,3,2,3,2,3,2,3,2,3,2,3,2,3,2,3,2,3;
	setarray $@KW_STUFE[1400],2,3,2,3,2,3,2,3,2,3,2,3,2,3,2,3,2,3,2,3,2,3,2,3,2,3,2,3,2,3,2,3,2,3,2,3,2,3,2,3,2,3,2,3,2,3,2,3,2,3,2,3,2,3,2,3,2,3,2,3,2,3,2,3,2,3,2,3,2,3,2,3,2,3,2,3,2,3,2,3,2,3,2,3,2,3,2,3,2,3,2,3,2,3,2,3,2,3,2,3;
	setarray $@KW_STUFE[1500],2,3,2,3,2,3,2,3,2,3,2,3,2,3,2,3,2,3,2,3,2,3,2,3,2,3,2,3,2,3,2,3,2,3,2,3,2,3,2,3,2,3,2,3,2,3,2,3,2,3,2,3,2,3,2,3,2,3,2,3,2,3,2,3,2,3,2,3,2,3,2,3,2,3,2,3,2,3,2,3,2,3,2,3,2,3,2,3,2,3,2,3,2,3,2,3,2,3,2,3;
	setarray $@KW_STUFE[1600],2,3,2,3,2,3,2,3,2,3,2,3,2,3,2,3,2,3,2,3,2,3,2,3,2,3,2,3,2,3,2,3,2,3,2,3,2,3,2,3,2,3,2,3,2,3,2,3,2,3,2,3,2,3,2,3,2,3,2,3,2,3,2,3,2,3,2,3,2,3,2,3,2,3,2,3,2,3,2,3,2,3,2,3,2,3,2,3,2,3,2,3,2,3,2,3,2,3,2,3;
	setarray $@KW_STUFE[1700],2,3,2,3,2,3,2,3,2,3,2,3,2,3,2,3,2,3,2,3,2,3,2,3,2,3,2,3,2,3,2,3,2,3,2,3,2,3,2,3,2,3,2,3,2,3,2,3,2,3,2,3,2,3,2,3,2,3,2,3,2,3,2,3,2,3,2,3,2,3,2,3,2,3,2,3,2,3,2,3,2,3,2,3,2,3,2,3,2,3,2,3,2,3,2,3,2,3,2,3;
	setarray $@KW_STUFE[1800],2,3,2,3,2,3,2,3,2,3,2,3,2,3,2,3,2,3;
	setarray $@KW_MVP[0],0,0,0,0,0,0,0,0,1,1,0,0,0,0,0,0,0,0,0,0,0,0,0,0,0,0,0,0,0,0,0,0,0,0,0,0,0,0,0,0,0,0,0,0,0,0,0,0,0,0,0,0,0,0,0,0,0,0,0,0,0,0,0,0,0,0,0,0,0,0,0,0,0,0,0,0,0,0,0,0,0,0,0,0,0,0,0,0,0,0,0,0,0,0,0,0,0,0,0,0;
	setarray $@KW_MVP[100],0,0,0,0,0,0,0,0,0,0,0,0,0,0,0,0,0,0,0,0,0,0,0,0,0,0,0,0,0,0,0,0,0,0,0,0,0,0,0,0,0,0,1,1,0,0,0,0,0,0,0,0,0,0,0,0,0,0,0,0,0,0,0,0,0,0,0,0,0,0,0,0,0,0,0,0,0,0,0,0,0,0,0,0,0,0,0,0,0,0,0,0,0,0,0,0,0,0,0,0;
	setarray $@KW_MVP[200],0,0,0,0,0,0,0,0,0,0,0,0,0,0,0,0,0,0,0,0,0,0,0,0,0,0,0,0,0,0,0,0,0,0,0,0,1,1,0,0,1,1,0,0,0,0,0,0,1,1,1,1,0,0,1,1,1,1,0,0,1,1,1,1,0,0,1,1,0,0,0,0,0,0,0,0,1,1,1,1,1,1,1,1,1,1,1,1,1,1,0,0,0,0,0,0,0,0,0,0;
	setarray $@KW_MVP[300],0,0,0,0,0,0,0,0,0,0,0,0,0,0,0,0,0,0,0,0,0,0,0,0,0,0,0,0,1,1,1,1,0,0,0,0,0,0,0,0,0,0,0,0,0,0,0,0,0,0,0,0,0,0,0,0,0,0,0,0,0,0,0,0,0,0,0,0,0,0,0,0,0,0,0,0,0,0,0,0,0,0,0,0,0,0,0,0,0,0,0,0,0,0,0,0,0,0,0,0;
	setarray $@KW_MVP[400],0,0,0,0,0,0,0,0,1,1,0,0,0,0,0,0,0,0,0,0,0,0,0,0,0,0,0,0,0,0,0,0,0,0,0,0,0,0,0,0,0,0,0,0,0,0,0,0,0,0,0,0,0,0,0,0,0,0,0,0,1,1,0,0,0,0,0,0,0,0,0,0,0,0,0,0,0,0,0,0,1,1,0,0,0,0,0,0,0,0,0,0,0,0,0,0,0,0,0,0;
	setarray $@KW_MVP[500],0,0,0,0,0,0,0,0,0,0,0,0,0,0,1,1,0,0,0,0,0,0,0,0,0,0,0,0,0,0,0,0,0,0,0,0,0,0,0,0,1,1,0,0,0,0,0,0,0,0,0,0,0,0,0,0,0,0,0,0,0,0,0,0,0,0,0,0,0,0,0,0,0,0,0,0,0,0,0,0,0,0,0,0,0,0,0,0,0,0,0,0,1,1,0,0,0,0,1,1;
	setarray $@KW_MVP[600],0,0,0,0,0,0,0,0,0,0,0,0,0,0,0,0,0,0,0,0,0,0,0,0,1,1,0,0,0,0,0,0,0,0,0,0,1,1,0,0,0,0,0,0,0,0,0,0,1,1,0,0,0,0,0,0,0,0,0,0,0,0,0,0,0,0,0,0,0,0,0,0,1,1,0,0,0,0,0,0,0,0,0,0,0,0,0,0,0,0,0,0,1,1,0,0,0,0,0,0;
	setarray $@KW_MVP[700],0,0,1,1,0,0,1,1,0,0,1,1,0,0,1,1,0,0,1,1,0,0,1,1,0,0,0,0,0,0,0,0,1,1,0,0,1,1,0,0,1,1,0,0,0,0,0,0,0,0,0,0,0,0,0,0,0,0,0,0,1,1,0,0,0,0,0,0,0,0,0,0,0,0,0,0,0,0,0,0,0,0,0,0,0,0,1,1,0,0,0,0,0,0,1,1,0,0,0,0;
	setarray $@KW_MVP[800],0,0,1,1,1,1,0,0,1,1,0,0,0,0,0,0,0,0,0,0,0,0,0,0,0,0,1,1,0,0,0,0,0,0,0,0,0,0,1,1,0,0,0,0,0,0,0,0,1,1,0,0,0,0,0,0,0,0,0,0,0,0,0,0,0,0,0,0,0,0,1,1,0,0,0,0,0,0,0,0,0,0,0,0,0,0,0,0,0,0,1,1,0,0,0,0,1,1,0,0;
	setarray $@KW_MVP[900],0,0,0,0,0,0,0,0,0,0,0,0,0,0,0,0,0,0,0,0,0,0,0,0,0,0,0,0,0,0,0,0,0,0,0,0,0,0,0,0,0,0,1,1,0,0,1,1,0,0,0,0,0,0,0,0,0,0,0,0,0,0,0,0,0,0,0,0,1,1,0,0,0,0,0,0,0,0,1,1,1,1,1,1,1,1,1,1,0,0,0,0,0,0,0,0,1,1,0,0;
	setarray $@KW_MVP[1000],1,1,1,1,1,1,1,1,1,1,1,1,1,1,1,1,1,1,0,0,0,0,0,0,0,0,0,0,0,0,0,0,1,1,0,0,1,1,0,0,1,1,0,0,1,1,0,0,0,0,0,0,0,0,0,0,0,0,0,0,0,0,0,0,0,0,1,1,0,0,0,0,0,0,0,0,0,0,0,0,0,0,0,0,1,1,1,1,0,0,0,0,0,0,1,1,1,1,0,0;
	setarray $@KW_MVP[1100],0,0,0,0,0,0,0,0,0,0,0,0,0,0,0,0,0,0,1,1,0,0,0,0,0,0,0,0,0,0,0,0,0,0,0,0,0,0,0,0,1,1,1,1,1,1,1,1,1,1,1,1,0,0,0,0,0,0,0,0,0,0,0,0,0,0,0,0,0,0,1,1,0,0,0,0,0,0,0,0,0,0,0,0,0,0,0,0,1,1,1,1,1,1,1,1,1,1,1,1;
	setarray $@KW_MVP[1200],1,1,1,1,1,1,1,1,1,1,1,1,1,1,0,0,0,0,0,0,0,0,0,0,0,0,0,0,0,0,0,0,0,0,0,0,0,0,0,0,1,1,0,0,0,0,0,0,0,0,0,0,0,0,0,0,0,0,0,0,0,0,1,1,1,1,0,0,0,0,0,0,0,0,0,0,1,1,0,0,0,0,0,0,0,0,0,0,0,0,0,0,0,0,0,0,0,0,1,1;
	setarray $@KW_MVP[1300],0,0,1,1,0,0,0,0,0,0,0,0,0,0,0,0,1,1,0,0,0,0,0,0,0,0,0,0,1,1,0,0,0,0,0,0,0,0,0,0,0,0,1,1,0,0,0,0,0,0,1,1,1,1,1,1,0,0,0,0,0,0,0,0,0,0,1,1,0,0,1,1,0,0,0,0,0,0,0,0,0,0,0,0,0,0,0,0,0,0,0,0,0,0,0,0,0,0,0,0;
	setarray $@KW_MVP[1400],0,0,1,1,0,0,1,1,0,0,0,0,0,0,0,0,0,0,0,0,0,0,0,0,0,0,0,0,0,0,0,0,0,0,0,0,0,0,0,0,0,0,1,1,0,0,0,0,0,0,0,0,0,0,0,0,0,0,0,0,1,1,0,0,0,0,0,0,1,1,0,0,1,1,0,0,0,0,0,0,0,0,0,0,0,0,0,0,0,0,0,0,0,0,0,0,0,0,1,1;
	setarray $@KW_MVP[1500],1,1,0,0,1,1,0,0,0,0,0,0,0,0,1,1,1,1,0,0,1,1,0,0,0,0,0,0,0,0,0,0,0,0,0,0,0,0,0,0,0,0,0,0,0,0,0,0,0,0,0,0,1,1,1,1,0,0,0,0,0,0,0,0,0,0,0,0,0,0,0,0,1,1,0,0,0,0,1,1,0,0,0,0,0,0,0,0,0,0,0,0,1,1,0,0,0,0,1,1;
	setarray $@KW_MVP[1600],1,1,1,1,0,0,0,0,0,0,0,0,0,0,0,0,0,0,0,0,0,0,0,0,0,0,0,0,0,0,0,0,0,0,0,0,0,0,0,0,1,1,1,1,0,0,0,0,0,0,0,0,0,0,0,0,1,1,0,0,0,0,0,0,0,0,0,0,0,0,0,0,0,0,0,0,0,0,0,0,0,0,0,0,0,0,0,0,0,0,0,0,0,0,0,0,0,0,0,0;
	setarray $@KW_MVP[1700],0,0,0,0,1,1,0,0,0,0,0,0,0,0,0,0,1,1,0,0,0,0,0,0,0,0,0,0,0,0,1,1,0,0,0,0,0,0,0,0,0,0,0,0,1,1,1,1,0,0,0,0,0,0,0,0,0,0,0,0,0,0,0,0,0,0,1,1,0,0,0,0,0,0,0,0,0,0,0,0,0,0,0,0,1,1,0,0,0,0,0,0,0,0,0,0,0,0,0,0;
	setarray $@KW_MVP[1800],0,0,0,0,0,0,0,0,0,0,0,0,1,1,0,0,1,1;
	set $@KW_ANZAHL,1818;
	end;
}
